4886.006567 1482.467891 0.019265 
4673.671355 1477.124112 0.036850 
4466.710841 1471.938054 0.055288 
4244.870564 1466.890260 0.072820 
4040.370276 1461.977536 0.090063 
3814.661284 1457.237147 0.107562 
3593.541431 1452.667169 0.127760 
3388.543524 1448.266413 0.145231 
3150.774366 1443.901046 0.163055 
2934.446943 1439.446493 0.182224 
2744.237207 1436.105793 0.339844 
2048.174710 1417.891119 0.369591 
1858.219071 1411.985945 0.395194 
1675.204041 1406.225539 0.419430 
1492.321472 1400.655257 0.443757 
1332.341091 1395.292241 0.468211 
1197.740084 1390.240835 0.492530 
1076.149037 1385.623180 0.516861 
966.129721 1381.471763 0.541549 
883.276643 1377.771198 0.565176 
833.534431 1374.607341 0.588604 
762.299349 2262.306842 0.753706 
674.675926 2273.411245 0.818542 
659.824578 2281.951023 0.864970 
652.049527 2290.357974 0.913601 
645.910946 2298.891946 0.961542 
640.684559 2307.398526 1.009565 
636.033998 2315.874190 1.056239 
631.897715 2324.275537 1.102666 
628.209482 2332.573601 1.149986 
624.923213 2340.801929 1.196862 
622.041436 2348.955226 1.243154 
508.620320 4697.513184 1.471461 
472.381117 4793.393861 1.625167 
455.274280 4842.010808 1.719524 
438.991211 4886.755641 1.810004 
429.274609 4934.384407 1.900554 
415.401396 4963.635714 1.995271 
405.667272 5009.432449 2.087880 
397.294482 5050.723988 2.181654 
389.954061 5091.423286 2.275034 
383.406957 5131.722491 2.367957 
377.851753 5164.825856 2.461135 
303.605584 7645.205051 2.757051 
272.933511 7616.827785 2.897363 
265.506775 7565.129060 2.990161 
259.058848 7497.292324 3.106866 
254.123181 7501.255085 3.207944 
249.368370 7496.501846 3.304343 
246.207098 7494.594901 3.396802 
243.201636 7489.801215 3.489908 
241.405323 7467.762290 3.582303 
240.382650 7463.408917 3.737269 
236.172405 7467.221020 3.830833 
216.725132 8469.513487 4.126564 
226.096311 8363.563786 4.254760 
208.095234 8318.796106 4.347983 
202.928518 8299.326858 4.436362 
198.319775 8258.514902 4.526926 
194.063954 8228.105859 4.617527 
192.367662 8227.900161 4.711383 
190.701936 8229.151442 4.801409 
190.660798 8235.972985 4.894188 
188.984810 8228.058780 4.986296 
189.389115 8212.054983 5.081542 
183.582678 8733.388384 5.381933 
220.247315 8665.297663 5.560319 
184.136796 8606.820823 5.681529 
178.641904 8560.814648 5.778528 
176.838794 8530.906226 5.876552 
176.170296 8498.228314 5.968312 
175.804671 8481.305925 6.065450 
175.381757 8462.749633 6.160341 
176.111967 8446.910487 6.249910 
174.456336 8451.790929 6.341494 
175.942087 8446.561490 6.434834 
171.633462 8875.221173 6.745450 
255.103551 8749.409738 6.929620 
211.618244 8723.554311 7.052726 
195.630517 8700.193241 7.152629 
185.170547 8677.730384 7.248656 
181.702597 8670.954389 7.349891 
171.321896 8657.620546 7.444366 
169.377619 8640.952761 7.542219 
163.844347 8630.812532 7.641790 
160.514993 8628.456108 7.739224 
158.482088 8588.929271 7.840297 
156.743154 9159.255301 8.163327 
212.258498 9021.294662 8.331891 
187.929798 8967.525999 8.437288 
173.384331 8937.987435 8.540438 
164.219745 8884.427198 8.645991 
156.964972 8824.892805 8.762177 
161.662802 8779.842082 8.859494 
156.725357 8770.739931 8.953878 
153.794913 8747.730923 9.052800 
151.431320 8734.321477 9.152071 
150.399300 8708.416431 9.252230 
150.428470 9121.507332 9.586287 
163.301901 9022.878416 9.737620 
152.121077 8985.997986 9.845004 
147.689115 8936.146984 9.952827 
146.682942 8893.081658 10.062963 
146.139457 8853.991397 10.173781 
146.005754 8832.560801 10.275769 
145.873412 8816.329309 10.384580 
145.857957 8797.965622 10.487961 
145.855543 8781.589175 10.587621 
145.722771 8762.304339 10.691559 
146.676109 9268.887689 11.017673 
153.203206 9176.013964 11.187081 
146.395234 9147.008686 11.315835 
143.331296 9113.379073 11.422683 
142.942786 9052.817690 11.532000 
142.722650 9018.747932 11.636673 
143.617352 8991.698340 11.741642 
143.185807 8969.218027 11.849415 
143.187125 8932.211106 11.955486 
143.290541 8906.176542 12.057091 
143.265160 8883.122145 12.164951 
143.262081 9234.968017 12.499819 
156.307427 9169.834343 12.665485 
141.665494 9134.375636 12.797258 
141.101305 9103.487169 12.904539 
141.562320 9065.370972 13.014303 
143.121750 9044.072205 13.119259 
143.977410 9000.674592 13.229846 
144.020480 8983.933991 13.361026 
146.489672 8958.054242 13.500168 
140.366059 8943.666815 13.635698 
139.959587 8942.324302 13.743582 
140.586808 9310.151731 14.077094 
151.740767 9214.984971 14.229595 
151.802854 9163.059767 14.387203 
139.701354 9126.334000 14.496404 
139.609512 9080.888808 14.604907 
138.970926 9051.016356 14.711956 
139.101133 9022.971445 14.820345 
138.701252 8993.937117 14.926177 
138.912872 8963.819801 15.033734 
138.750910 8950.250250 15.135804 
138.966126 8939.157920 15.239338 
139.272189 9332.373364 15.559035 
169.630531 9280.995785 15.731792 
152.912409 9240.946181 15.858614 
150.073632 9198.961822 15.967825 
