41535.944477 4023.856110 0.084611 
41096.518192 4015.253335 0.173371 
40658.327524 4006.902481 0.259484 
40222.136408 3998.805933 0.340617 
39784.971285 3990.977730 0.428625 
39351.052669 3983.412086 0.507706 
38915.092687 3976.102069 0.586551 
38483.560151 3969.045345 0.672762 
38051.635808 3962.245376 0.755663 
37621.162430 3955.707674 0.835767 
24628.444510 4844.906916 1.929448 
23499.369405 4798.451801 2.022557 
23154.946705 4784.904871 2.109973 
22821.614253 4772.538901 2.197249 
22490.514769 4761.188022 2.283594 
22168.581040 4750.684055 2.374499 
21850.704444 4740.888142 2.465299 
21542.607020 4731.682172 2.561195 
21245.112526 4722.899116 2.652637 
20964.275566 4714.334004 2.738601 
20698.105680 4706.007451 2.829768 
18053.814924 7355.996529 3.838736 
17147.901854 7337.444130 3.944748 
16901.952719 7339.264381 4.037487 
16684.527151 7341.306460 4.129074 
16485.910794 7342.863274 4.230732 
16300.681025 7344.406886 4.330825 
16135.187006 7345.657990 4.430290 
15980.839887 7346.987029 4.527240 
15839.271448 7348.009760 4.618436 
15702.506009 7349.252137 4.712397 
15574.554120 7350.786273 4.806775 
12390.093942 13125.446236 5.863605 
11740.746033 13139.900649 6.010611 
11454.161900 13120.525830 6.128564 
11241.983174 13092.006189 6.238032 
11065.207283 13113.235110 6.352830 
10903.713650 13136.482584 6.462111 
10776.973908 13134.500835 6.574048 
10628.297724 13160.793866 6.676678 
10510.966561 13173.892718 6.793023 
10407.680267 13201.062874 6.914002 
10310.271252 13219.778278 7.032157 
8269.081891 17392.112006 8.194986 
7730.365608 17477.463286 8.348502 
7427.882927 17455.247206 8.466447 
7239.711669 17483.652536 8.571071 
7084.019725 17513.887409 8.678931 
6944.182063 17494.728095 8.786839 
6816.454026 17526.944546 8.889983 
6699.748027 17531.873020 9.019007 
6605.664186 17524.240850 9.139689 
6533.404846 17484.293967 9.253417 
6444.066279 17515.805296 9.364120 
5406.732087 17890.279449 10.454110 
5080.895999 17766.201310 10.592532 
4811.095540 17735.796173 10.710225 
4693.556455 17663.442637 10.816858 
4607.538451 17622.229268 10.936186 
4526.469053 17585.572388 11.053244 
4452.205985 17550.187654 11.156805 
4388.131490 17535.560480 11.266673 
4329.552670 17507.846473 11.376003 
4274.850353 17515.866814 11.488121 
4224.029153 17491.177715 11.598453 
4075.945235 17373.342776 12.643807 
3903.178851 17304.600795 12.762998 
3651.936671 17298.108577 12.869369 
3567.758394 17226.289370 12.966931 
3518.297366 17182.925055 13.072944 
3479.096886 17183.839345 13.170417 
3437.317839 17130.471546 13.276999 
3403.770673 17099.220439 13.379330 
3368.621022 17056.713983 13.480529 
3338.992225 16966.492090 13.584814 
3301.630845 16906.775463 13.692521 
3333.900134 16715.455549 14.692877 
3310.016566 16726.228530 14.807322 
3003.741318 16724.559479 14.907183 
2938.549218 16692.049101 15.005854 
2905.680250 16699.056287 15.112862 
2875.760506 16706.868475 15.206709 
2841.318207 16584.312776 15.301420 
2815.972794 16589.611938 15.397680 
2797.337630 16561.837190 15.502107 
2778.199982 16568.190883 15.597722 
2763.031737 16576.911371 15.694915 
2976.601546 16856.475864 16.635797 
2955.519852 16794.402911 16.751329 
2706.343672 16783.887512 16.853326 
2680.461118 16690.393813 16.951900 
2653.197032 16687.054255 17.042821 
2634.526746 16685.467110 17.136356 
2614.601782 16649.640029 17.228939 
2601.032058 16649.385133 17.321324 
2585.767767 16650.271204 17.418247 
2573.689441 16652.570299 17.514204 
2558.520015 16598.829080 17.609566 
2686.922050 16847.195780 18.550310 
2745.219367 16788.094375 18.667508 
2459.473750 16782.372760 18.763728 
2407.914421 16783.226906 18.870551 
2379.026601 16753.755207 18.966180 
2355.385100 16757.187280 19.058961 
2336.088015 16762.399727 19.154876 
2317.338653 16708.356418 19.247547 
2303.563244 16713.423356 19.338078 
2290.590914 16677.843193 19.436895 
2278.871678 16683.695684 19.535525 
2378.779497 16979.770978 20.459832 
2413.493409 16999.029161 20.560659 
2148.663124 16959.633605 20.654540 
2113.360108 16963.097469 20.742953 
2097.788330 16930.155817 20.846011 
2085.686386 16928.482782 20.941750 
2076.534821 16932.968073 21.029585 
2065.291145 16887.483408 21.122670 
2056.402944 16883.949655 21.212738 
2046.910458 16889.291997 21.311193 
2038.630712 16894.295000 21.403870 
2256.025401 16922.876238 22.277398 
2356.742612 16921.950111 22.381416 
2013.240014 16916.348714 22.472383 
1971.468532 16916.588908 22.562518 
1954.140804 16919.533018 22.648812 
1940.295347 16922.044796 22.741303 
1934.999624 16925.471257 22.831850 
1925.694718 16928.942792 22.918551 
1921.530376 16932.866620 23.009657 
1913.115267 16936.991530 23.099343 
1908.386766 16943.714380 23.185534 
2043.117403 16834.761930 24.067812 
2160.772945 16803.440127 24.166831 
1874.204680 16801.192719 24.254955 
1849.123195 16801.229082 24.341188 
1838.170924 16803.258996 24.431395 
1836.014220 16804.556703 24.516465 
1828.135687 16806.565667 24.601581 
1826.984262 16808.219459 24.685917 
1820.663406 16810.338862 24.776747 
1820.033286 16812.222057 24.865775 
1814.710747 16814.388942 24.950667 
1948.710533 16841.160914 25.837748 
2003.504570 16852.279740 25.925953 
1787.895956 16844.215878 26.015035 
1762.805453 16842.796366 26.104021 
1761.955120 16842.696023 26.192387 
1755.729901 16842.938026 26.276483 
1757.777222 16843.384500 26.365204 
1751.856149 16844.082917 26.457580 
1753.352143 16807.923526 26.552644 
1746.874577 16811.023052 26.638874 
1749.997093 16811.063765 26.722703 
1932.025377 16836.908715 27.573901 
2038.086679 16844.637900 27.672032 
1766.816112 16839.820890 27.755493 
1743.250148 16838.429447 27.839355 
1735.563128 16838.592239 27.928055 
1734.550804 16838.193124 28.013750 
1730.063673 16838.290731 28.101162 
1730.219270 16838.112572 28.193920 
1726.279069 16838.241831 28.286571 
1726.843739 16838.192622 28.374609 
1723.206468 16838.376088 28.460905 
1937.672272 16811.439219 29.307575 
1986.017077 16823.125619 29.393161 
1768.005130 16817.822953 29.476794 
1740.468382 16817.126215 29.564718 
1741.126874 16817.231488 29.651191 
1734.348886 16817.385301 29.740554 
1736.405017 16817.638020 29.827529 
1731.321902 16818.052487 29.910949 
1733.114876 16818.406967 29.999706 
1728.686902 16818.975835 30.088440 
1730.135328 16819.478884 30.177748 
1928.478607 16811.677191 31.040206 
1941.102750 16820.887407 31.128018 
1727.769296 16817.528983 31.214560 
1710.066022 16816.719749 31.297966 
1700.647515 16817.564629 31.385122 
1702.318852 16817.797641 31.472394 
1697.257083 16818.592716 31.555972 
1699.237224 16819.054641 31.643945 
1694.700397 16819.887815 31.731494 
1696.668990 16820.466706 31.819129 
1692.278217 16821.352120 31.910897 
1866.811423 16819.004002 32.777335 
1920.600749 16834.168089 32.869209 
1714.750842 16795.670813 32.957915 
1690.668204 16795.348824 33.040843 
1688.791888 16795.420579 33.126856 
1685.846496 16795.727973 33.216186 
1686.546117 16796.044276 33.299683 
1684.016501 16796.517182 33.383310 
1685.247715 16796.881251 33.465881 
1682.653227 16797.403507 33.554816 
1684.493804 16797.764610 33.639483 
1876.645121 16787.488608 34.464848 
1929.623477 16799.731857 34.554700 
1716.658489 16795.627305 34.637232 
1701.349666 16795.144918 34.719615 
1692.683538 16795.849032 34.811420 
1693.569168 16796.197455 34.893597 
1689.297230 16796.919231 34.976164 
1691.527654 16797.358129 35.062276 
1687.901066 16798.085746 35.145041 
1690.396797 16798.532819 35.233409 
1686.904871 16799.241446 35.320353 
1878.197482 16796.164420 36.125783 
1952.336575 16809.856869 36.209399 
1716.072975 16805.094105 36.292546 
1685.975819 16804.573769 36.379612 
1684.324432 16805.051837 36.466685 
1680.788332 16805.360200 36.553099 
1683.242928 16805.763978 36.635424 
1679.354545 16806.261447 36.725035 
1683.092047 16806.610095 36.809583 
1678.361355 16807.204516 36.892672 
1682.820634 16807.525227 36.975561 
1856.116503 16804.781263 37.797521 
1971.269857 16817.739716 37.893401 
1700.310956 16813.598302 37.976134 
1683.170561 16812.567609 38.058960 
1678.766025 16812.756578 38.145304 
1678.939540 16812.993125 38.231657 
