2e-06
1.2354
0.735933
0.621795
0.600955
0.699257
0.541797
0.532518
0.515117
0.515065
0.489454
0.469127
0.485783
0.498951
0.480694
0.471562
0.436321
0.44568
0.432111
0.335206
0.435216
0.424244
0.430616
0.428787
0.337499
0.427938
0.401591
0.411346
0.395567
0.385027
0.377099
0.378001
0.380599
0.376546
0.370284
0.437279
0.354668
0.350478
0.365637
0.354491
0.327434
0.34195
0.34019
0.327276
0.242611
0.330859
0.251967
0.248881
0.32637
0.334702
0.238493
0.239269
0.242945
0.236457
0.233042
0.22611
0.234901
0.232173
0.214216
0.214933
0.22072
0.328724
0.246279
0.253722
0.251732
0.22826
0.217511
0.220709
0.235518
0.294037
0.212002
0.209786
0.223178
0.223741
0.21216
0.222289
0.218447
0.22835
0.215931
0.296227
0.21267
0.281948
0.208527
0.207826
0.204234
0.202095
0.203812
0.195033
0.211758
0.295392
0.217265
0.20818
0.210947
0.205961
0.206163
0.19483
0.202416
0.205578
0.196775
0.19864
0.18899
0.188416
0.189054
0.19107
0.183919
0.192205
